CONFIG OUTPUT FILE
  0   3  88  
        12.445799828         0.000000000         0.000000000 
         0.000000000         7.273399830         0.000000000 
        -2.082879875         0.000000000        11.202205697 
Ca               1
     -1.585553719     -2.731161654     -0.053770562 
Ca               2
      1.585553574      2.731161833      0.053770046 
Ca               3
      2.626993584     -2.731161654     -5.547332351 
Ca               4
     -2.626993490      2.731161833      5.547332744 
Ca               5
      4.637346672      0.905538321     -0.053770562 
Ca               6
     -4.637346102     -0.905538321      0.053770046 
Ca               7
     -3.595906330      0.905538321     -5.547332351 
Ca               8
      3.595906662     -0.905538321      5.547332744 
Zr               9
     -5.685990883     -2.747890472      5.312086086 
Zr              10
      5.685990738      2.747890234     -5.312085946 
Zr              11
      4.644551682     -2.747890472      0.289016704 
Zr              12
     -4.644551052      2.747890234     -0.289016743 
Zr              13
      0.536909031      0.888809443      5.312086086 
Zr              14
     -0.536908699     -0.888809443     -5.312085946 
Zr              15
     -1.578348709      0.888809443      0.289016704 
Zr              16
      1.578349041     -0.888809443     -0.289016743 
Ti              17
     -3.627368880     -2.747163117      2.761343937 
Ti              18
      3.627369331      2.747163057     -2.761343975 
Ti              19
      2.585929798     -2.747163117      2.839758854 
Ti              20
     -2.585928989      2.747163057     -2.839758892 
Ti              21
      2.595530914      0.889537096      2.761343937 
Ti              22
     -2.595531059     -0.889536858     -2.761343975 
Ti              23
     -3.636970831      0.889537096      2.839758854 
Ti              24
      3.636970924     -0.889536858     -2.839758892 
Ti              25
      0.520719933     -3.236662924     -2.800551434 
Ti              26
     -0.520720077      3.236663103      2.800551395 
Ti              27
     -5.702179922      0.400037050     -2.800551434 
Ti              28
     -6.743619753     -0.400037050      2.800551395 
Ti              29
     -5.702179922     -2.712978125     -2.800551434 
Ti              30
     -6.743619753      2.712978125      2.800551395 
Ti              31
      0.520719933      0.923721552     -2.800551434 
Ti              32
     -0.520720077     -0.923721790      2.800551395 
O              33
     -1.896053863     -2.669337749     -2.520496149 
O              34
      1.896053719      2.669337511      2.520496349 
O              35
      2.937493729     -2.669337749     -3.080606718 
O              36
     -2.937493874      2.669337511      3.080606441 
O              37
      4.326845573      0.967362165     -2.520496149 
O              38
     -4.326845838     -0.967362404      2.520496349 
O              39
     -3.285405947      0.967362165     -3.080606718 
O              40
      3.285405563     -0.967362404      3.080606441 
O              41
      0.455612110     -2.574783564     -4.458477874 
O              42
     -0.455612732      2.574783564      4.458477955 
O              43
      0.585827278     -2.574783564     -1.142624874 
O              44
     -0.585827423      2.574783564      1.142624836 
O              45
      6.678512024      1.061916590     -4.458477874 
O              46
     -6.678512050     -1.061916351      4.458477955 
O              47
     -5.637072129      1.061916590     -1.142624874 
O              48
      5.637072014     -1.061916351      1.142624836 
O              49
     -3.923127604     -3.033007741      0.817760925 
O              50
      3.923126625      3.033007860     -0.817760964 
O              51
      2.881686615     -3.033007741      4.783341388 
O              52
     -2.881687475      3.033007860     -4.783342321 
O              53
      2.299772667      0.603692293      0.817760925 
O              54
     -2.299772335     -0.603692293     -0.817760964 
O              55
     -3.341212107      0.603692293      4.783341388 
O              56
      3.341212677     -0.603692293     -4.783342321 
O              57
     -1.663393093     -2.371128440      2.453283291 
O              58
      1.663393425      2.371128321     -2.453282852 
O              59
      0.621953415     -2.371128440      3.147819500 
O              60
     -0.621953083      2.371128321     -3.147820015 
O              61
      4.559506821      1.265571833      2.453283291 
O              62
     -4.559506608     -1.265571594     -2.453282852 
O              63
     -5.600946499      1.265571833      3.147819500 
O              64
      5.600945877     -1.265571594     -3.147820015 
O              65
      2.326592850     -2.407495379      1.008198242 
O              66
     -2.326592756      2.407495260     -1.008198281 
O              67
     -3.368032647     -2.407495379      4.592905025 
O              68
      3.368032860      2.407495260     -4.592905302 
O              69
     -3.896307064      1.229204893      1.008198242 
O              70
      3.896307396     -1.229204655     -1.008198281 
O              71
      2.854867386      1.229204893      4.592905025 
O              72
     -2.854867054     -1.229204655     -4.592905302 
O              73
      6.389582085     -2.829352498     -0.963389893 
O              74
     -6.389581634      2.829352617      0.963389377 
O              75
     -5.348141832     -2.829352498     -4.637713213 
O              76
      5.348142075      2.829352617      4.637713413 
O              77
      0.166682171      0.807347536     -0.963389893 
O              78
     -0.166681839     -0.807347298      0.963389377 
O              79
      0.874757694      0.807347536     -4.637713213 
O              80
     -0.874757839     -0.807347298      4.637713413 
O              81
     -5.341718985     -3.236662924      3.226235370 
O              82
      5.341719078      3.236663103     -3.226235171 
O              83
      4.300279068     -3.236662924      2.374867897 
O              84
     -4.300279094      3.236663103     -2.374867697 
O              85
      0.881181168      0.400037050      3.226235370 
O              86
     -0.881181313     -0.400037050     -3.226235171 
O              87
     -1.922620846      0.400037050      2.374867897 
O              88
      1.922621178     -0.400037050     -2.374867697 
