CONFIG OUTPUT FILE
  0   3  98  
        12.445799828         0.000000000         0.000000000 
         0.000000000         7.273399830         0.000000000 
        -2.082879875         0.000000000        11.202205697 
Ca               1
     -1.595551538     -2.731161654      0.213254638 
Ca               2
      1.595551297      2.731161833     -0.213255114 
Ca               3
      1.595551453     -2.731161654     -5.814357537 
Ca               4
     -1.595551286      2.731161833      5.814357902 
Ca               5
      4.627348853      0.905538321     -0.828185379 
Ca               6
     -4.627348379     -0.905538321      0.828184784 
Ca               7
     -4.627348461      0.905538321     -4.772917599 
Ca               8
      4.627348866     -0.905538321      4.772917924 
Zr               9
     -4.698289219     -2.747890472      6.098373203 
Zr              10
      4.698289100      2.747890234     -6.098373043 
Zr              11
      4.698289945     -2.747890472     -0.497270534 
Zr              12
     -4.698289322      2.747890234      0.497270391 
Zr              13
      1.524610695      0.888809443      5.056933265 
Zr              14
     -1.524610337     -0.888809443     -5.056933185 
Zr              15
     -1.524610446      0.888809443      0.544169483 
Zr              16
      1.524610771     -0.888809443     -0.544169577 
Ti              17
     -3.113938948     -2.747163117      3.282480453 
Ti              18
      3.113939391      2.747163057     -3.282480566 
Ti              19
      3.113939792     -2.747163117      2.318622196 
Ti              20
     -3.113938990      2.747163057     -2.318622368 
Ti              21
      3.108960846      0.889537096      2.241040536 
Ti              22
     -3.108960999     -0.889536858     -2.241040549 
Ti              23
     -3.108960837      0.889537096      3.360062253 
Ti              24
      3.108960923     -0.889536858     -3.360062306 
Ti              25
     -0.000000038     -3.236662924     -2.800551428 
Ti              26
     -0.000000114      3.236663103      2.800551414 
Ti              27
     -6.222899893      0.400037050     -1.759111500 
Ti              28
     -6.222899790     -0.400037050      3.841991312 
Ti              29
     -6.222899893     -2.712978125     -1.759111500 
Ti              30
     -6.222899790      2.712978125      3.841991312 
Ti              31
     -0.000000038      0.923721552     -2.800551428 
Ti              32
     -0.000000114     -0.923721790      2.800551414 
O              33
     -2.364701810     -2.669337749     -2.124748999 
O              34
      2.364701703      2.669337511      2.124749217 
O              35
      2.364701735     -2.669337749     -3.476353855 
O              36
     -2.364701932      2.669337511      3.476353611 
O              37
      3.858197626      0.967362165     -3.166188857 
O              38
     -3.858197854     -0.967362404      3.166189095 
O              39
     -3.858197941      0.967362165     -2.434913958 
O              40
      3.858197505     -0.967362404      2.434913754 
O              41
     -0.373374081     -2.574783564     -4.395991463 
O              42
      0.373373475      2.574783564      4.395991646 
O              43
      0.373373551     -2.574783564     -1.205111196 
O              44
     -0.373373703      2.574783564      1.205111183 
O              45
      5.849525833      1.061916590     -5.437431401 
O              46
     -5.849525843     -1.061916351      5.437431484 
O              47
     -5.849525856      1.061916590     -0.163671343 
O              48
      5.849525734     -1.061916351      0.163671326 
O              49
     -3.771077390     -3.033007741      1.448873534 
O              50
      3.771076404      3.033007860     -1.448873408 
O              51
      3.771076239     -3.033007741      4.152228971 
O              52
     -3.771077272      3.033007860     -4.152229732 
O              53
      2.451822881      0.603692293      0.407433537 
O              54
     -2.451822556     -0.603692293     -0.407433630 
O              55
     -2.451822483      0.603692293      5.193668709 
O              56
      2.451822880     -0.603692293     -5.193669709 
O              57
     -1.207242355     -2.371128440      2.655322601 
O              58
      1.207242769      2.371128321     -2.655322231 
O              59
      1.207242604     -2.371128440      2.945780149 
O              60
     -1.207242368      2.371128321     -2.945780703 
O              61
      5.015657559      1.265571833      1.613882663 
O              62
     -5.015657264     -1.265571594     -1.613882273 
O              63
     -5.015657310      1.265571833      3.987220086 
O              64
      5.015656592     -1.265571594     -3.987220481 
O              65
      2.514051988     -2.407495379      0.587456436 
O              66
     -2.514051902      2.407495260     -0.587456490 
O              67
     -2.514051770     -2.407495379      5.013646794 
O              68
      2.514051932      2.407495260     -5.013647098 
O              69
     -3.708847926      1.229204893      1.628896374 
O              70
      3.708848250     -1.229204655     -1.628896467 
O              71
      3.708848263      1.229204893      3.972206837 
O              72
     -3.708847982     -1.229204655     -3.972207161 
O              73
      6.210454378     -2.829352498     -2.002746995 
O              74
     -6.210454023      2.829352617      2.002746419 
O              75
     -6.210454110     -2.829352498     -3.598356156 
O              76
      6.210454391      2.829352617      3.598356309 
O              77
     -0.012445536      0.807347536     -0.961307057 
O              78
      0.012445772     -0.807347298      0.961306502 
O              79
      0.012445416      0.807347536     -4.639796029 
O              80
     -0.012445523     -0.807347298      4.639796247 
O              81
     -4.741849557     -3.236662924      4.019812573 
O              82
      4.741849687      3.236663103     -4.019812395 
O              83
      4.741849655     -3.236662924      1.581290678 
O              84
     -4.741849644      3.236663103     -1.581290480 
O              85
      1.481050596      0.400037050      2.978372595 
O              86
     -1.481050704     -0.400037050     -2.978372378 
O              87
     -1.481050259      0.400037050      2.622730615 
O              88
      1.481050628     -0.400037050     -2.622730477 
He              89
     -6.081368799     -0.004889682      5.797077613 
He              90
      3.414339975      1.093690182      2.115048655 
He              91
      6.201430696     -1.123723858     -0.477326176 
He              92
      2.020323339     -0.582168734     -5.546314879 
He              93
     -1.696408549     -1.385930973      1.135003503 
He              94
     -1.578933893      3.198493143     -4.069044696 
He              95
      1.254088961      3.541963810     -3.634992018 
He              96
      5.908099550     -0.533305289     -3.601933977 
He              97
      5.043587671      1.402154883      1.299591957 
He              98
      1.992678056      0.979509606     -1.525893408 
