table for Si-Si ZBL interaction                                         
        0.0100000000       10.0000000000      1004
Si      Si      
2.589303237167e+05 1.189969969364e+05 7.326060304684e+04 5.095164927495e+04
3.793629430901e+04 2.951635508275e+04 2.368713260688e+04 1.945233321158e+04
1.626269744830e+04 1.379167730441e+04 1.183363115346e+04 1.025303543978e+04
8.957219316066e+03 7.880843958074e+03 6.976633495995e+03 6.209613563105e+03
5.553406610742e+03 4.987779324872e+03 4.496977291462e+03 4.068568743012e+03
3.692625738954e+03 3.361133959973e+03 3.067560452319e+03 2.806532440894e+03
2.573595502539e+03 2.365029275245e+03 2.177705441429e+03 2.008977156075e+03
1.856592132244e+03 1.718623714079e+03 1.593415761577e+03 1.479538238762e+03
1.375751168166e+03 1.280975177916e+03 1.194267283385e+03 1.114800854956e+03
1.041848956105e+03 9.747704123267e+02 9.129981060791e+02 8.560290965981e+02
8.034162437799e+02 7.547610780373e+02 7.097077073067e+02 6.679375913240e+02
6.291650442548e+02 5.931333515232e+02 5.596114065947e+02 5.283907895520e+02
4.992832223752e+02 4.721183464917e+02 4.467417769077e+02 4.230133944223e+02
4.008058433749e+02 3.800032073136e+02 3.604998390809e+02 3.421993252573e+02
3.250135677822e+02 3.088619680061e+02 2.936707004759e+02 2.793720654948e+02
2.659039109762e+02 2.532091153664e+02 2.412351244898e+02 2.299335360887e+02
2.192597266226e+02 2.091725155731e+02 1.996338630856e+02 1.906085972923e+02
1.820641680958e+02 1.739704245799e+02 1.662994135440e+02 1.590251969503e+02
1.521236863246e+02 1.455724923737e+02 1.393507882789e+02 1.334391852932e+02
1.278196194220e+02 1.224752480983e+02 1.173903558811e+02 1.125502683078e+02
1.079412731238e+02 1.035505481922e+02 9.936609545976e+01 9.537668041678e+01
9.157177654794e+01 8.794151431920e+01 8.447663429244e+01 8.116844399897e+01
7.800877823925e+01 7.498996250804e+01 7.210477927318e+01 6.934643686194e+01
6.670854073181e+01 6.418506692381e+01 6.177033751466e+01 5.945899790128e+01
5.724599576609e+01 5.512656158533e+01 5.309619055491e+01 5.115062581943e+01
4.928584290019e+01 4.749803522694e+01 4.578360068660e+01 4.413912910936e+01
4.256139061981e+01 4.104732478626e+01 3.959403050774e+01 3.819875658265e+01
3.685889290792e+01 3.557196226182e+01 3.433561262720e+01 3.314761001556e+01
3.200583175555e+01 3.090826021228e+01 2.985297690665e+01 2.883815700628e+01
2.786206416172e+01 2.692304566386e+01 2.601952790019e+01 2.515001208928e+01
2.431307027450e+01 2.350734155926e+01 2.273152856764e+01 2.198439411518e+01
2.126475807595e+01 2.057149443299e+01 1.990352850001e+01 1.925983430334e+01
1.863943211372e+01 1.804138611844e+01 1.746480222470e+01 1.690882598620e+01
1.637264064502e+01 1.585546528167e+01 1.535655306676e+01 1.487518960780e+01
1.441069138568e+01 1.396240427505e+01 1.352970214388e+01 1.311198552727e+01
1.270868037120e+01 1.231923684208e+01 1.194312819834e+01 1.157984972029e+01
1.122891769511e+01 1.088986845361e+01 1.056225745600e+01 1.024565842373e+01
9.939662514953e+00 9.643877541153e+00 9.357927222557e+00 9.081450480335e+00
8.814100763492e+00 8.555545408596e+00 8.305465030560e+00 8.063552942819e+00
7.829514605324e+00 7.603067098888e+00 7.383938624493e+00 7.171868026244e+00
6.966604336745e+00 6.767906343735e+00 6.575542176885e+00 6.389288913735e+00
6.208932203778e+00 6.034265909789e+00 5.865091765530e+00 5.701219048993e+00
5.542464270434e+00 5.388650874441e+00 5.239608955362e+00 5.095174985424e+00
4.955191554939e+00 4.819507123992e+00 4.687975785077e+00 4.560457036140e+00
4.436815563532e+00 4.316921034415e+00 4.200647898153e+00 4.087875196283e+00
3.978486380647e+00 3.872369139316e+00 3.769415229944e+00 3.669520320196e+00
3.572583834938e+00 3.478508809867e+00 3.387201751300e+00 3.298572501831e+00
3.212534111591e+00 3.129002714864e+00 3.047897411821e+00 2.969140155124e+00
2.892655641211e+00 2.818371206032e+00 2.746216725049e+00 2.676124517311e+00
2.608029253421e+00 2.541867867239e+00 2.477579471133e+00 2.415105274652e+00
2.354388506451e+00 2.295374339345e+00 2.238009818344e+00 2.182243791548e+00
2.128026843781e+00 2.075311232848e+00 2.024050828297e+00 1.974201052587e+00
1.925718824567e+00 1.878562505145e+00 1.832691845090e+00 1.788067934847e+00
1.744653156302e+00 1.702411136402e+00 1.661306702569e+00 1.621305839819e+00
1.582375649524e+00 1.544484309746e+00 1.507601037093e+00 1.471696050004e+00
1.436740533444e+00 1.402706604918e+00 1.369567281777e+00 1.337296449740e+00
1.305868832612e+00 1.275259963116e+00 1.245446154830e+00 1.216404475153e+00
1.188112719285e+00 1.160549385163e+00 1.133693649325e+00 1.107525343667e+00
1.082024933043e+00 1.057173493696e+00 1.032952692473e+00 1.009344766797e+00
9.863325053741e-01 9.638992295877e-01 9.420287755805e-01 9.207054769743e-01
8.999141482154e-01 8.796400685188e-01 8.598689663868e-01 8.405870046823e-01
8.217807662346e-01 8.034372399566e-01 7.855438074566e-01 7.680882301230e-01
7.510586366666e-01 7.344435111012e-01 7.182316811479e-01 7.024123070459e-01
6.869748707551e-01 6.719091655361e-01 6.572052858934e-01 6.428536178678e-01
6.288448296662e-01 6.151698626153e-01 6.018199224281e-01 5.887864707702e-01
5.760612171175e-01 5.636361108919e-01 5.515033338666e-01 5.396552928303e-01
5.280846125016e-01 5.167841286838e-01 5.057468816519e-01 4.949661097630e-01
4.844352432828e-01 4.741478984191e-01 4.640978715563e-01 4.542791336833e-01
4.446858250064e-01 4.353122497438e-01 4.261528710913e-01 4.172023063567e-01
4.084553222542e-01 3.999068303553e-01 3.915518826888e-01 3.833856674859e-01
3.754035050652e-01 3.676008438515e-01 3.599732565259e-01 3.525164363002e-01
3.452261933131e-01 3.380984511428e-01 3.311292434332e-01 3.243147106279e-01
3.176510968105e-01 3.111347466456e-01 3.047621024180e-01 2.985297011675e-01
2.924341719133e-01 2.864722329686e-01 2.806406893393e-01 2.749364302056e-01
2.693564264827e-01 2.638977284592e-01 2.585574635092e-01 2.533328338760e-01
2.482211145258e-01 2.432196510683e-01 2.383258577411e-01 2.335372154585e-01
2.288512699192e-01 2.242656297733e-01 2.197779648458e-01 2.153860044146e-01
2.110875355416e-01 2.068804014545e-01 2.027624999789e-01 1.987317820168e-01
1.947862500731e-01 1.909239568254e-01 1.871430037375e-01 1.834415397153e-01
1.798177598023e-01 1.762699039149e-01 1.727962556155e-01 1.693951409221e-01
1.660649271532e-01 1.628040218081e-01 1.596108714788e-01 1.564839607958e-01
1.534218114036e-01 1.504229809672e-01 1.474860622079e-01 1.446096819666e-01
1.417925002952e-01 1.390332095742e-01 1.363305336560e-01 1.336832270331e-01
1.310900740302e-01 1.285498880202e-01 1.260615106618e-01 1.236238111600e-01
1.212356855473e-01 1.188960559855e-01 1.166038700873e-01 1.143581002575e-01
1.121577430526e-01 1.100018185589e-01 1.078893697876e-01 1.058194620874e-01
1.037911825736e-01 1.018036395728e-01 9.985596208346e-02 9.794729925149e-02
9.607681986031e-02 9.424371183507e-02 9.244718176066e-02 9.068645441295e-02
8.896077230303e-02 8.726939523384e-02 8.561159986905e-02 8.398667931372e-02
8.239394270631e-02 8.083271482187e-02 7.930233568593e-02 7.780216019891e-02
7.633155777058e-02 7.488991196441e-02 7.347662015148e-02 7.209109317366e-02
7.073275501570e-02 6.940104248624e-02 6.809540490710e-02 6.681530381096e-02
6.556021264697e-02 6.432961649416e-02 6.312301178232e-02 6.193990602035e-02
6.077981753157e-02 5.964227519604e-02 5.852681819962e-02 5.743299578943e-02
5.636036703580e-02 5.530850060028e-02 5.427697450966e-02 5.326537593585e-02
5.227330098135e-02 5.130035447026e-02 5.034614974465e-02 4.941030846601e-02
4.849246042194e-02 4.759224333753e-02 4.670930269170e-02 4.584329153808e-02
4.499387033038e-02 4.416070675225e-02 4.334347555132e-02 4.254185837740e-02
4.175554362476e-02 4.098422627830e-02 4.022760776355e-02 3.948539580039e-02
3.875730426039e-02 3.804305302764e-02 3.734236786304e-02 3.665498027190e-02
3.598062737481e-02 3.531905178160e-02 3.467000146845e-02 3.403322965795e-02
3.340849470206e-02 3.279555996792e-02 3.219419372643e-02 3.160416904349e-02
3.102526367385e-02 3.045725995756e-02 2.989994471883e-02 2.935310916736e-02
2.881654880195e-02 2.829006331652e-02 2.777345650824e-02 2.726653618790e-02
2.676911409236e-02 2.628100579915e-02 2.580203064291e-02 2.533201163400e-02
2.487077537885e-02 2.441815200224e-02 2.397397507139e-02 2.353808152183e-02
2.311031158492e-02 2.269050871716e-02 2.227851953104e-02 2.187419372755e-02
2.147738403018e-02 2.108794612049e-02 2.070573857516e-02 2.033062280442e-02
1.996246299197e-02 1.960112603619e-02 1.924648149274e-02 1.889840151846e-02
1.855676081651e-02 1.822143658277e-02 1.789230845345e-02 1.756925845390e-02
1.725217094851e-02 1.694093259181e-02 1.663543228060e-02 1.633556110720e-02
1.604121231372e-02 1.575228124734e-02 1.546866531660e-02 1.519026394865e-02
1.491697854746e-02 1.464871245293e-02 1.438537090093e-02 1.412686098421e-02
1.387309161413e-02 1.362397348332e-02 1.337941902906e-02 1.313934239753e-02
1.290365940882e-02 1.267228752264e-02 1.244514580491e-02 1.222215489497e-02
1.200323697349e-02 1.178831573118e-02 1.157731633806e-02 1.137016541346e-02
1.116679099666e-02 1.096712251812e-02 1.077109077139e-02 1.057862788556e-02
1.038966729836e-02 1.020414372977e-02 1.002199315624e-02 9.843152785438e-03
9.667561031562e-03 9.495157491127e-03 9.325882919308e-03 9.159679206765e-03
8.996489356958e-03 8.836257463948e-03 8.678928690657e-03 8.524449247590e-03
8.372766372001e-03 8.223828307501e-03 8.077584284084e-03 7.933984498580e-03
7.792980095510e-03 7.654523148342e-03 7.518566641134e-03 7.385064450566e-03
7.253971328339e-03 7.125242883937e-03 6.998835567753e-03 6.874706654555e-03
6.752814227304e-03 6.633117161294e-03 6.515575108626e-03 6.400148482998e-03
6.286798444813e-03 6.175486886579e-03 6.066176418625e-03 5.958830355096e-03
5.853412700241e-03 5.749888134978e-03 5.648222003731e-03 5.548380301540e-03
5.450329661429e-03 5.354037342031e-03 5.259471215464e-03 5.166599755454e-03
5.075392025695e-03 4.985817668447e-03 4.897846893362e-03 4.811450466540e-03
4.726599699796e-03 4.643266440151e-03 4.561423059531e-03 4.481042444675e-03
4.402097987238e-03 4.324563574102e-03 4.248413577873e-03 4.173622847573e-03
4.100166699513e-03 4.028020908350e-03 3.957161698325e-03 3.887565734669e-03
3.819210115187e-03 3.752072361999e-03 3.686130413457e-03 3.621362616212e-03
3.557747717443e-03 3.495264857239e-03 3.433893561127e-03 3.373613732756e-03
3.314405646717e-03 3.256249941506e-03 3.199127612632e-03 3.143020005850e-03
3.087908810533e-03 3.033776053174e-03 2.980604091016e-03 2.928375605798e-03
2.877073597639e-03 2.826681379025e-03 2.777182568925e-03 2.728561087015e-03
2.680801148021e-03 2.633887256163e-03 2.587804199716e-03 2.542537045670e-03
2.498071134500e-03 2.454392075032e-03 2.411485739407e-03 2.369338258154e-03
2.327936015341e-03 2.287265643837e-03 2.247314020650e-03 2.208068262371e-03
2.169515720687e-03 2.131643978000e-03 2.094440843115e-03 2.057894347019e-03
2.021992738740e-03 1.986724481282e-03 1.952078247643e-03 1.918042916907e-03
1.884607570407e-03 1.851761487971e-03 1.819494144228e-03 1.787795204996e-03
1.756654523731e-03 1.726062138046e-03 1.696008266297e-03 1.666483304238e-03
1.637477821727e-03 1.608982559513e-03 1.580988426067e-03 1.553486494485e-03
1.526467999443e-03 1.499924334214e-03 1.473847047738e-03 1.448227841752e-03
1.423058567969e-03 1.398331225314e-03 1.374037957211e-03 1.350171048925e-03
1.326722924945e-03 1.303686146428e-03 1.281053408681e-03 1.258817538698e-03
1.236971492739e-03 1.215508353957e-03 1.194421330068e-03 1.173703751064e-03
1.153349066973e-03 1.133350845658e-03 1.113702770655e-03 1.094398639060e-03
1.075432359444e-03 1.056797949817e-03 1.038489535623e-03 1.020501347782e-03
1.002827720753e-03 9.854630906505e-04 9.684019933856e-04 9.516390628432e-04
9.351690290962e-04 9.189867166506e-04 9.030870427243e-04 8.874650155575e-04
8.721157327548e-04 8.570343796583e-04 8.422162277507e-04 8.276566330879e-04
8.133510347617e-04 7.992949533894e-04 7.854839896334e-04 7.719138227464e-04
7.585802091450e-04 7.454789810091e-04 7.326060449069e-04 7.199573804464e-04
7.075290389508e-04 6.953171421590e-04 6.833178809499e-04 6.715275140905e-04
6.599423670068e-04 6.485588305775e-04 6.373733599501e-04 6.263824733790e-04
6.155827510842e-04 6.049708341322e-04 5.945434233363e-04 5.842972781783e-04
5.742292157492e-04 5.643361097099e-04 5.546148892702e-04 5.450625381880e-04
5.356760937853e-04 5.264526459834e-04 5.173893363553e-04 5.084833571954e-04
4.997319506068e-04 4.911324076044e-04 4.826820672357e-04 4.743783157164e-04
4.662185855826e-04 4.582003548586e-04 4.503211462392e-04 4.425785262876e-04
4.349701046477e-04 4.274935332711e-04 4.201465056574e-04 4.129267561095e-04
4.058320590015e-04 3.988602280606e-04 3.920091156615e-04 3.852766121344e-04
3.786606450851e-04 3.721591787274e-04 3.657702132278e-04 3.594917840626e-04
3.533219613856e-04 3.472588494086e-04 3.413005857920e-04 3.354453410472e-04
3.296913179494e-04 3.240367509617e-04 3.184799056688e-04 3.130190782218e-04
3.076525947921e-04 3.023788110363e-04 2.971961115702e-04 2.921029094521e-04
2.870976456759e-04 2.821787886733e-04 2.773448338247e-04 2.725943029797e-04
2.679257439850e-04 2.633377302220e-04 2.588288601524e-04 2.543977568719e-04
2.500430676716e-04 2.457634636083e-04 2.415576390816e-04 2.374243114190e-04
2.333622204688e-04 2.293701281996e-04 2.254468183076e-04 2.215910958309e-04
2.178017867705e-04 2.140777377185e-04 2.104178154923e-04 2.068209067765e-04
2.032859177701e-04 1.998117738407e-04 1.963974191846e-04 1.930418164934e-04
1.897439466263e-04 1.865028082881e-04 1.833174177135e-04 1.801868083564e-04
1.771100305856e-04 1.740861513852e-04 1.711142540608e-04 1.681934379508e-04
1.653228181429e-04 1.625015251957e-04 1.597287048653e-04 1.570035178369e-04
1.543251394608e-04 1.516927594937e-04 1.491055818440e-04 1.465628243224e-04
1.440637183963e-04 1.416075089487e-04 1.391934540418e-04 1.368208246846e-04
1.344889046043e-04 1.321969900224e-04 1.299443894343e-04 1.277304233932e-04
1.255544242975e-04 1.234157361823e-04 1.213137145145e-04 1.192477259914e-04
1.172171483431e-04 1.152213701385e-04 1.132597905944e-04 1.113318193883e-04
1.094368764744e-04 1.075743919029e-04 1.057438056426e-04 1.039445674066e-04
1.021761364809e-04 1.004379815564e-04 9.872958056357e-05 9.705042051047e-05
9.539999732305e-05 9.377781568879e-05 9.218338890291e-05 9.061623871737e-05
8.907589519245e-05 8.756189655108e-05 8.607378903573e-05 8.461112676774e-05
8.317347160928e-05 8.176039302768e-05 8.037146796217e-05 7.900628069300e-05
7.766442271283e-05 7.634549260052e-05 7.504909589696e-05 7.377484498330e-05
7.252235896119e-05 7.129126353519e-05 7.008119089730e-05 6.889177961345e-05
6.772267451204e-05 6.657352657449e-05 6.544399282762e-05 6.433373623805e-05
6.324242560837e-05 6.216973547521e-05 6.111534600905e-05 6.007894291586e-05
5.906021734043e-05 5.805886577140e-05 5.707458994804e-05 5.610709676858e-05
5.515609820018e-05 5.422131119056e-05 5.330245758108e-05 5.239926402141e-05
5.151146188571e-05 5.063878719028e-05 4.978098051260e-05 4.893778691190e-05
4.810895585106e-05 4.729424111989e-05 4.649340075975e-05 4.570619698955e-05
4.493239613301e-05 4.417176854718e-05 4.342408855224e-05 4.268913436257e-05
4.196668801898e-05 4.125653532210e-05 4.055846576708e-05 3.987227247923e-05
3.919775215101e-05 3.853470497993e-05 3.788293460770e-05 3.724224806031e-05
3.661245568929e-05 3.599337111388e-05 3.538481116433e-05 3.478659582607e-05
3.419854818499e-05 3.362049437355e-05 3.305226351795e-05 3.249368768615e-05
3.194460183683e-05 3.140484376920e-05 3.087425407380e-05 3.035267608402e-05
2.983995582857e-05 2.933594198474e-05 2.884048583246e-05 2.835344120923e-05
2.787466446579e-05 2.740401442255e-05 2.694135232679e-05 2.648654181067e-05
2.603944884990e-05 2.559994172316e-05 2.516789097221e-05 2.474316936273e-05
2.432565184585e-05 2.391521552026e-05 2.351173959514e-05 2.311510535357e-05
2.272519611669e-05 2.234189720846e-05 2.196509592101e-05 2.159468148060e-05
2.123054501421e-05 2.087257951668e-05 2.052067981839e-05 2.017474255360e-05
1.983466612926e-05 1.950035069437e-05 1.917169810992e-05 1.884861191930e-05
1.853099731925e-05 1.821876113136e-05 1.791181177396e-05 1.761005923458e-05
1.731341504291e-05 1.702179224414e-05 1.673510537284e-05 1.645327042725e-05
1.617620484407e-05 1.590382747360e-05 1.563605855544e-05 1.537281969447e-05
1.511403383734e-05 1.485962524937e-05 1.460951949179e-05 1.436364339942e-05
1.412192505874e-05 1.388429378635e-05 1.365068010770e-05 1.342101573639e-05
1.319523355361e-05 1.297326758811e-05 1.275505299640e-05 1.254052604337e-05
1.232962408319e-05 1.212228554060e-05 1.191844989246e-05 1.171805764966e-05
1.152105033936e-05 1.132737048748e-05 1.113696160154e-05 1.094976815377e-05
1.076573556457e-05 1.058481018616e-05 1.040693928660e-05 1.023207103402e-05
1.006015448121e-05 9.891139550350e-06 9.724977018147e-06 9.561618501111e-06
9.401016441157e-06 9.243124091422e-06 9.087895502342e-06 8.935285507969e-06
8.785249712514e-06 8.637744477135e-06 8.492726906950e-06 8.350154838267e-06
8.209986826048e-06 8.072182131574e-06 7.936700710340e-06 7.803503200143e-06
7.672550909388e-06 7.543805805589e-06 7.417230504072e-06 7.292788256870e-06
7.170442941813e-06 7.050159051804e-06 6.931901684279e-06 6.815636530855e-06
6.701329867148e-06 6.588948542774e-06 6.478459971515e-06 6.369832121665e-06
6.263033506530e-06 6.158033175104e-06 6.054800702893e-06 5.953306182911e-06
5.853520216821e-06 5.755413906229e-06 5.658958844137e-06 5.564127106531e-06
5.470891244123e-06 5.379224274232e-06 5.289099672804e-06 5.200491366571e-06
5.113373725342e-06 5.027721554433e-06 4.943510087219e-06 4.860714977822e-06
4.779312293918e-06 4.699278509673e-06 4.620590498797e-06 4.543225527719e-06
4.467161248881e-06 4.392375694143e-06 4.318847268304e-06 4.246554742738e-06
4.175477249130e-06 4.105594273330e-06 4.036885649303e-06 3.969331553193e-06
3.902912497480e-06 3.837609325244e-06 3.773403204521e-06 3.710275622763e-06
3.648208381386e-06 3.587183590419e-06 3.527183663239e-06 3.468191311399e-06
3.410189539544e-06 3.353161640412e-06 3.297091189928e-06 3.241962042374e-06
3.187758325647e-06 3.134464436593e-06 3.082065036428e-06 3.030545046233e-06
2.979889642528e-06 2.930084252918e-06 2.881114551821e-06 2.832966456260e-06
2.785626121738e-06 2.739079938171e-06 2.693314525905e-06 2.648316731785e-06
2.604073625306e-06 2.560572494824e-06 2.517800843826e-06 2.475746387275e-06
2.434397048012e-06 2.393740953216e-06 2.353766430930e-06 2.314462006645e-06
2.275816399945e-06 2.237818521201e-06 2.200457468329e-06 2.163722523605e-06
2.127603150528e-06 2.092088990738e-06 2.057169860991e-06 2.022835750186e-06
1.989076816431e-06 1.955883384178e-06 1.923245941390e-06 1.891155136767e-06
1.859601777013e-06 1.828576824157e-06 1.798071392910e-06 1.768076748076e-06
1.738584302002e-06 1.709585612075e-06 1.681072378257e-06 1.653036440668e-06
1.625469777204e-06 1.598364501203e-06 1.571712859143e-06 1.545507228384e-06
1.519740114950e-06 1.494404151343e-06 1.469492094399e-06 1.444996823181e-06
1.420911336903e-06 1.397228752895e-06 1.373942304598e-06 1.351045339600e-06
1.328531317694e-06 1.306393808985e-06 1.284626492009e-06 1.263223151908e-06
1.242177678612e-06 1.221484065073e-06 1.201136405511e-06 1.181128893707e-06
1.161455821308e-06 1.142111576176e-06 1.123090640756e-06 1.104387590473e-06
1.085997092160e-06 1.067913902508e-06 1.050132866546e-06 1.032648916148e-06
2.814215118040e+05 1.384804272130e+05 9.028227787219e+04 6.594452106104e+04
5.124477765074e+04 4.141544323107e+04 3.439731175933e+04 2.915122369739e+04
2.509414509111e+04 2.187285806235e+04 1.926060745408e+04 1.710510557505e+04
1.530032571700e+04 1.377024736151e+04 1.245901423731e+04 1.132472559109e+04
1.033538207628e+04 9.466159994214e+03 8.697532216499e+03 8.013944524902e+03
7.402865523159e+03 6.854093358115e+03 6.359242399540e+03 5.911358177778e+03
5.504625115232e+03 5.134142300664e+03 4.795749762892e+03 4.485892635557e+03
4.201514037607e+03 3.939969916524e+03 3.698960832892e+03 3.476476917185e+03
3.270753145094e+03 3.080232753458e+03 2.903537122083e+03 2.739440824690e+03
2.586850838160e+03 2.444789117193e+03 2.312377908646e+03 2.188827308912e+03
2.073424667883e+03 1.965525521358e+03 1.864545795158e+03 1.769955072801e+03
1.681270757003e+03 1.598052986014e+03 1.519900190340e+03 1.446445195224e+03
1.377351790221e+03 1.312311700237e+03 1.251041902956e+03 1.193282246337e+03
1.138793326931e+03 1.087354595764e+03 1.038762663369e+03 9.928297796957e+02
9.493824680011e+02 9.082602947437e+02 8.693147598966e+02 8.324082941678e+02
7.974133513533e+02 7.642115855406e+02 7.326931041517e+02 7.027557889115e+02
6.743046777688e+02 6.472514016117e+02 6.215136703262e+02 5.970148033623e+02
5.736833005048e+02 5.514524490170e+02 5.302599637349e+02 5.100476570508e+02
4.907611360425e+02 4.723495242865e+02 4.547652061407e+02 4.379635915022e+02
4.219028992435e+02 4.065439577032e+02 3.918500207622e+02 3.777865981771e+02
3.643212989665e+02 3.514236867546e+02 3.390651460817e+02 3.272187587761e+02
3.158591895652e+02 3.049625801786e+02 2.945064512568e+02 2.844696114436e+02
2.748320730924e+02 2.655749740643e+02 2.566805051418e+02 2.481318426219e+02
2.399130856882e+02 2.320091981947e+02 2.244059545260e+02 2.170898892240e+02
2.100482500973e+02 2.032689545525e+02 1.967405489080e+02 1.904521704682e+02
1.843935121558e+02 1.785547895149e+02 1.729267099113e+02 1.675004437718e+02
1.622675977152e+02 1.572201894396e+02 1.523506242404e+02 1.476516730444e+02
1.431164518517e+02 1.387384024878e+02 1.345112745739e+02 1.304291086313e+02
1.264862202410e+02 1.226771851863e+02 1.189968255118e+02 1.154401964355e+02
1.120025740572e+02 1.086794438091e+02 1.054664895998e+02 1.023595836041e+02
9.935477665772e+01 9.644828921555e+01 9.363650283780e+01 9.091595216880e+01
8.828331737709e+01 8.573541702701e+01 8.326920135412e+01 8.088174591893e+01
7.857024561487e+01 7.633200900829e+01 7.416445298984e+01 7.206509771775e+01
7.003156183512e+01 6.806155794431e+01 6.615288832285e+01 6.430344086618e+01
6.251118524356e+01 6.077416925450e+01 5.909051537357e+01 5.745841747279e+01
5.587613771084e+01 5.434200357966e+01 5.285440509912e+01 5.141179215138e+01
5.001267194687e+01 4.865560661454e+01 4.733921090923e+01 4.606215002975e+01
4.482313754141e+01 4.362093339736e+01 4.245434205316e+01 4.132221066975e+01
4.022342739975e+01 3.915691975290e+01 3.812165303629e+01 3.711662886541e+01
3.614088374240e+01 3.519348769793e+01 3.427354299345e+01 3.338018288072e+01
3.251257041566e+01 3.166989732385e+01 3.085138291503e+01 3.005627304417e+01
2.928383911687e+01 2.853337713674e+01 2.780420679300e+01 2.709567058608e+01
2.640713298955e+01 2.573797964661e+01 2.508761659951e+01 2.445546955034e+01
2.384098315178e+01 2.324362032630e+01 2.266286161270e+01 2.209820453853e+01
2.154916301738e+01 2.101526676983e+01 2.049606076706e+01 1.999110469607e+01
1.949997244559e+01 1.902225161173e+01 1.855754302261e+01 1.810546028101e+01
1.766562932442e+01 1.723768800160e+01 1.682128566506e+01 1.641608277878e+01
1.602175054045e+01 1.563797051771e+01 1.526443429782e+01 1.490084315012e+01
1.454690770084e+01 1.420234761974e+01 1.386689131807e+01 1.354027565749e+01
1.322224566932e+01 1.291255428399e+01 1.261096207001e+01 1.231723698226e+01
1.203115411922e+01 1.175249548869e+01 1.148104978179e+01 1.121661215488e+01
1.095898401906e+01 1.070797283699e+01 1.046339192683e+01 1.022506027286e+01
9.992802342662e+00 9.766447910640e+00 9.545831887496e+00 9.330794155595e+00
9.121179409911e+00 8.916837004389e+00 8.717620803502e+00 8.523389038834e+00
8.334004170492e+00 8.149332753173e+00 7.969245306730e+00 7.793616191065e+00
7.622323485194e+00 7.455248870341e+00 7.292277516917e+00 7.133297975242e+00
6.978202069878e+00 6.826884797455e+00 6.679244227856e+00 6.535181408650e+00
6.394600272657e+00 6.257407548543e+00 6.123512674324e+00 5.992827713699e+00
5.865267275098e+00 5.740748433363e+00 5.619190653960e+00 5.500515719649e+00
5.384647659519e+00 5.271512680308e+00 5.161039099932e+00 5.053157283154e+00
4.947799579309e+00 4.844900262026e+00 4.744395470872e+00 4.646223154860e+00
4.550323017757e+00 4.456636465127e+00 4.365106553059e+00 4.275677938513e+00
4.188296831247e+00 4.102910947254e+00 4.019469463670e+00 3.937922975105e+00
3.858223451347e+00 3.780324196385e+00 3.704179808732e+00 3.629746142976e+00
3.556980272541e+00 3.485840453610e+00 3.416286090165e+00 3.348277700126e+00
3.281776882537e+00 3.216746285763e+00 3.153149576691e+00 3.090951410864e+00
3.030117403550e+00 2.970614101703e+00 2.912408956782e+00 2.855470298415e+00
2.799767308862e+00 2.745269998273e+00 2.691949180694e+00 2.639776450817e+00
2.588724161430e+00 2.538765401565e+00 2.489873975308e+00 2.442024381251e+00
2.395191792573e+00 2.349352037724e+00 2.304481581696e+00 2.260557507858e+00
2.217557500340e+00 2.175459826955e+00 2.134243322629e+00 2.093887373328e+00
2.054371900483e+00 2.015677345859e+00 1.977784656902e+00 1.940675272506e+00
1.904331109218e+00 1.868734547845e+00 1.833868420469e+00 1.799715997843e+00
1.766260977165e+00 1.733487470212e+00 1.701379991827e+00 1.669923448749e+00
1.639103128770e+00 1.608904690214e+00 1.579314151726e+00 1.550317882361e+00
1.521902591964e+00 1.494055321834e+00 1.466763435660e+00 1.440014610723e+00
1.413796829354e+00 1.388098370646e+00 1.362907802397e+00 1.338213973301e+00
1.314006005354e+00 1.290273286487e+00 1.267005463413e+00 1.244192434673e+00
1.221824343892e+00 1.199891573226e+00 1.178384736995e+00 1.157294675501e+00
1.136612449026e+00 1.116329331997e+00 1.096436807321e+00 1.076926560881e+00
1.057790476192e+00 1.039020629200e+00 1.020609283240e+00 1.002548884129e+00
9.848320554035e-01 9.674515936861e-01 9.504004641881e-01 9.336717963352e-01
9.172588795187e-01 9.011551589637e-01 8.853542317154e-01 8.698498427361e-01
8.546358811120e-01 8.397063763657e-01 8.250554948711e-01 8.106775363682e-01
7.965669305744e-01 7.827182338897e-01 7.691261261932e-01 7.557854077274e-01
7.426909960690e-01 7.298379231823e-01 7.172213325539e-01 7.048364764060e-01
6.926787129852e-01 6.807435039257e-01 6.690264116848e-01 6.575230970468e-01
6.462293166959e-01 6.351409208541e-01 6.242538509834e-01 6.135641375489e-01
6.030678978439e-01 5.927613338716e-01 5.826407302847e-01 5.727024523796e-01
5.629429441448e-01 5.533587263601e-01 5.439463947478e-01 5.347026181718e-01
5.256241368848e-01 5.167077608222e-01 5.079503679401e-01 4.993489025980e-01
4.909003739833e-01 4.826018545773e-01 4.744504786612e-01 4.664434408616e-01
4.585779947327e-01 4.508514513769e-01 4.432611780997e-01 4.358045971001e-01
4.284791841949e-01 4.212824675757e-01 4.142120265974e-01 4.072654905983e-01
4.004405377503e-01 3.937348939383e-01 3.871463316681e-01 3.806726690021e-01
3.743117685220e-01 3.680615363177e-01 3.619199210017e-01 3.558849127484e-01
3.499545423574e-01 3.441268803400e-01 3.384000360293e-01 3.327721567117e-01
3.272414267804e-01 3.218060669098e-01 3.164643332504e-01 3.112145166436e-01
3.060549418553e-01 3.009839668297e-01 2.959999819596e-01 2.911014093760e-01
2.862867022544e-01 2.815543441379e-01 2.769028482771e-01 2.723307569856e-01
2.678366410114e-01 2.634190989235e-01 2.590767565125e-01 2.548082662066e-01
2.506123065012e-01 2.464875814015e-01 2.424328198793e-01 2.384467753421e-01
2.345282251152e-01 2.306759699354e-01 2.268888334574e-01 2.231656617710e-01
2.195053229305e-01 2.159067064945e-01 2.123687230763e-01 2.088903039055e-01
2.054704003990e-01 2.021079837425e-01 1.988020444810e-01 1.955515921198e-01
1.923556547334e-01 1.892132785844e-01 1.861235277504e-01 1.830854837600e-01
1.800982452367e-01 1.771609275508e-01 1.742726624793e-01 1.714325978739e-01
1.686398973358e-01 1.658937398981e-01 1.631933197154e-01 1.605378457602e-01
1.579265415261e-01 1.553586447375e-01 1.528334070661e-01 1.503500938534e-01
1.479079838390e-01 1.455063688954e-01 1.431445537687e-01 1.408218558243e-01
1.385376047988e-01 1.362911425570e-01 1.340818228542e-01 1.319090111040e-01
1.297720841505e-01 1.276704300456e-01 1.256034478319e-01 1.235705473287e-01
1.215711489244e-01 1.196046833716e-01 1.176705915877e-01 1.157683244596e-01
1.138973426520e-01 1.120571164202e-01 1.102471254270e-01 1.084668585628e-01
1.067158137701e-01 1.049934978715e-01 1.032994264010e-01 1.016331234393e-01
9.999412145230e-02 9.838196113263e-02 9.679619124507e-02 9.523636847475e-02
9.370205727853e-02 9.219282973954e-02 9.070826542461e-02 8.924795124467e-02
8.781148131795e-02 8.639845683602e-02 8.500848593251e-02 8.364118355446e-02
8.229617133637e-02 8.097307747672e-02 7.967153661694e-02 7.839118972290e-02
7.713168396871e-02 7.589267262289e-02 7.467381493672e-02 7.347477603495e-02
7.229522680855e-02 7.113484380965e-02 6.999330914857e-02 6.887031039283e-02
6.776554046819e-02 6.667869756159e-02 6.560948502609e-02 6.455761128751e-02
6.352278975305e-02 6.250473872162e-02 6.150318129586e-02 6.051784529600e-02
5.954846317525e-02 5.859477193690e-02 5.765651305303e-02 5.673343238473e-02
5.582528010388e-02 5.493181061646e-02 5.405278248724e-02 5.318795836601e-02
5.233710491517e-02 5.149999273865e-02 5.067639631228e-02 4.986609391539e-02
4.906886756374e-02 4.828450294375e-02 4.751278934787e-02 4.675351961129e-02
4.600649004973e-02 4.527150039846e-02 4.454835375247e-02 4.383685650767e-02
4.313681830329e-02 4.244805196529e-02 4.177037345086e-02 4.110360179388e-02
4.044755905147e-02 3.980207025151e-02 3.916696334107e-02 3.854206913584e-02
3.792722127052e-02 3.732225615004e-02 3.672701290171e-02 3.614133332830e-02
3.556506186188e-02 3.499804551856e-02 3.444013385407e-02 3.389117892007e-02
3.335103522138e-02 3.281955967382e-02 3.229661156297e-02 3.178205250360e-02
3.127574639978e-02 3.077755940585e-02 3.028735988797e-02 2.980501838638e-02
2.933040757841e-02 2.886340224205e-02 2.840387922027e-02 2.795171738588e-02
2.750679760709e-02 2.706900271369e-02 2.663821746375e-02 2.621432851099e-02
2.579722437269e-02 2.538679539820e-02 2.498293373798e-02 2.458553331317e-02
2.419448978577e-02 2.380970052926e-02 2.343106459979e-02 2.305848270785e-02
2.269185719048e-02 2.233109198388e-02 2.197609259662e-02 2.162676608324e-02
2.128302101828e-02 2.094476747086e-02 2.061191697966e-02 2.028438252827e-02
1.996207852112e-02 1.964492075964e-02 1.933282641899e-02 1.902571402513e-02
1.872350343229e-02 1.842611580080e-02 1.813347357537e-02 1.784550046371e-02
1.756212141550e-02 1.728326260176e-02 1.700885139452e-02 1.673881634694e-02
1.647308717366e-02 1.621159473152e-02 1.595427100069e-02 1.570104906600e-02
1.545186309867e-02 1.520664833835e-02 1.496534107541e-02 1.472787863360e-02
1.449419935297e-02 1.426424257306e-02 1.403794861647e-02 1.381525877256e-02
1.359611528157e-02 1.338046131892e-02 1.316824097983e-02 1.295939926414e-02
1.275388206147e-02 1.255163613654e-02 1.235260911481e-02 1.215674946835e-02
1.196400650188e-02 1.177433033916e-02 1.158767190951e-02 1.140398293461e-02
1.122321591553e-02 1.104532411990e-02 1.087026156942e-02 1.069798302747e-02
1.052844398697e-02 1.036160065848e-02 1.019740995840e-02 1.003582949751e-02
9.876817569546e-03 9.720333140110e-03 9.566335835651e-03 9.414785932701e-03
9.265644347263e-03 9.118872624381e-03 8.974432927887e-03 8.832288030309e-03
8.692401302961e-03 8.554736706188e-03 8.419258779773e-03 8.285932633512e-03
8.154723937936e-03 8.025598915192e-03 7.898524330076e-03 7.773467481211e-03
7.650396192372e-03 7.529278803962e-03 7.410084164617e-03 7.292781622956e-03
7.177341019474e-03 7.063732678554e-03 6.951927400626e-03 6.841896454444e-03
6.733611569500e-03 6.627044928555e-03 6.522169160296e-03 6.418957332120e-03
6.317382943024e-03 6.217419916626e-03 6.119042594290e-03 6.022225728371e-03
5.926944475566e-03 5.833174390381e-03 5.740891418696e-03 5.650071891443e-03
5.560692518387e-03 5.472730382005e-03 5.386162931469e-03 5.300967976726e-03
5.217123682676e-03 5.134608563442e-03 5.053401476743e-03 4.973481618345e-03
4.894828516615e-03 4.817422027159e-03 4.741242327546e-03 4.666269912121e-03
4.592485586905e-03 4.519870464571e-03 4.448405959508e-03 4.378073782962e-03
4.308855938262e-03 4.240734716115e-03 4.173692689987e-03 4.107712711549e-03
4.042777906209e-03 3.978871668705e-03 3.915977658780e-03 3.854079796920e-03
3.793162260161e-03 3.733209477976e-03 3.674206128209e-03 3.616137133094e-03
3.558987655327e-03 3.502743094206e-03 3.447389081835e-03 3.392911479384e-03
3.339296373414e-03 3.286530072266e-03 3.234599102496e-03 3.183490205380e-03
3.133190333470e-03 3.083686647206e-03 3.034966511583e-03 2.987017492873e-03
2.939827355401e-03 2.893384058370e-03 2.847675752738e-03 2.802690778149e-03
2.758417659910e-03 2.714845106018e-03 2.671962004235e-03 2.629757419210e-03
2.588220589648e-03 2.547340925526e-03 2.507108005349e-03 2.467511573459e-03
2.428541537376e-03 2.390187965192e-03 2.352441083003e-03 2.315291272380e-03
2.278729067887e-03 2.242745154631e-03 2.207330365860e-03 2.172475680591e-03
2.138172221285e-03 2.104411251552e-03 2.071184173897e-03 2.038482527503e-03
2.006297986044e-03 1.974622355542e-03 1.943447572249e-03 1.912765700572e-03
1.882568931024e-03 1.852849578212e-03 1.823600078858e-03 1.794812989847e-03
1.766480986313e-03 1.738596859749e-03 1.711153516153e-03 1.684143974201e-03
1.657561363449e-03 1.631398922565e-03 1.605649997591e-03 1.580308040226e-03
1.555366606148e-03 1.530819353350e-03 1.506660040514e-03 1.482882525403e-03
1.459480763285e-03 1.436448805375e-03 1.413780797310e-03 1.391470977643e-03
1.369513676362e-03 1.347903313438e-03 1.326634397383e-03 1.305701523849e-03
1.285099374235e-03 1.264822714324e-03 1.244866392937e-03 1.225225340612e-03
1.205894568307e-03 1.186869166112e-03 1.168144301997e-03 1.149715220568e-03
1.131577241850e-03 1.113725760085e-03 1.096156242550e-03 1.078864228402e-03
1.061845327523e-03 1.045095219407e-03 1.028609652043e-03 1.012384440831e-03
9.964154675102e-04 9.806986791002e-04 9.652300868660e-04 9.500057652958e-04
9.350218510955e-04 9.202745421999e-04 9.057600967992e-04 8.914748323814e-04
8.774151247897e-04 8.635774072948e-04 8.499581696829e-04 8.365539573570e-04
8.233613704535e-04 8.103770629725e-04 7.975977419218e-04 7.850201664755e-04
7.726411471442e-04 7.604575449607e-04 7.484662706767e-04 7.366642839737e-04
7.250485926855e-04 7.136162520340e-04 7.023643638761e-04 6.912900759638e-04
6.803905812153e-04 6.696631169979e-04 6.591049644222e-04 6.487134476481e-04
6.384859332011e-04 6.284198293000e-04 6.185125851953e-04 6.087616905177e-04
5.991646746374e-04 5.897191060338e-04 5.804225916743e-04 5.712727764043e-04
5.622673423456e-04 5.534040083054e-04 5.446805291943e-04 5.360946954534e-04
5.276443324908e-04 5.193273001269e-04 5.111414920486e-04 5.030848352723e-04
4.951552896153e-04 4.873508471753e-04 4.796695318191e-04 4.721093986782e-04
4.646685336537e-04 4.573450529278e-04 4.501371024843e-04 4.430428576359e-04
4.360605225590e-04 4.291883298367e-04 4.224245400079e-04 4.157674411247e-04
4.092153483160e-04 4.027666033587e-04 3.964195742549e-04 3.901726548166e-04
3.840242642569e-04 3.779728467868e-04 3.720168712200e-04 3.661548305823e-04
3.603852417285e-04 3.547066449645e-04 3.491176036761e-04 3.436167039632e-04
3.382025542799e-04 3.328737850807e-04 3.276290484717e-04 3.224670178678e-04
3.173863876552e-04 3.123858728593e-04 3.074642088176e-04 3.026201508585e-04
2.978524739842e-04 2.931599725595e-04 2.885414600051e-04 2.839957684958e-04
2.795217486638e-04 2.751182693060e-04 2.707842170972e-04 2.665184963061e-04
2.623200285175e-04 2.581877523579e-04 2.541206232259e-04 2.501176130263e-04
2.461777099094e-04 2.422999180136e-04 2.384832572120e-04 2.347267628643e-04
2.310294855705e-04 2.273904909308e-04 2.238088593075e-04 2.202836855919e-04
2.168140789739e-04 2.133991627162e-04 2.100380739313e-04 2.067299633627e-04
2.034739951688e-04 2.002693467110e-04 1.971152083448e-04 1.940107832140e-04
1.909552870488e-04 1.879479479661e-04 1.849880062742e-04 1.820747142795e-04
1.792073360969e-04 1.763851474633e-04 1.736074355530e-04 1.708734987976e-04
1.681826467077e-04 1.655341996976e-04 1.629274889128e-04 1.603618560606e-04
1.578366532428e-04 1.553512427914e-04 1.529049971069e-04 1.504972984991e-04
1.481275390303e-04 1.457951203613e-04 1.434994535996e-04 1.412399591496e-04
1.390160665664e-04 1.368272144106e-04 1.346728501060e-04 1.325524297997e-04
1.304654182239e-04 1.284112885605e-04 1.263895223072e-04 1.243996091466e-04
1.224410468160e-04 1.205133409811e-04 1.186160051098e-04 1.167485603493e-04
1.149105354047e-04 1.131014664198e-04 1.113208968589e-04 1.095683773918e-04
1.078434657794e-04 1.061457267622e-04 1.044747319493e-04 1.028300597106e-04
1.012112950695e-04 9.961802959794e-05 9.804986131287e-05 9.650639457451e-05
9.498723998603e-05 9.349201429501e-05 9.202034029631e-05 9.057184673654e-05
8.914616822007e-05 8.774294511647e-05 8.636182346943e-05 8.500245490716e-05
8.366449655414e-05 8.234761094434e-05 8.105146593576e-05 7.977573462631e-05
7.852009527111e-05 7.728423120097e-05 7.606783074227e-05 7.487058713807e-05
7.369219847042e-05 7.253236758395e-05 7.139080201072e-05 7.026721389609e-05
6.916131992597e-05 6.807284125504e-05 6.700150343626e-05 6.594703635135e-05
6.490917414249e-05 6.388765514501e-05 6.288222182121e-05 6.189262069519e-05
6.091860228873e-05 5.995992105813e-05 5.901633533218e-05 5.808760725091e-05
5.717350270552e-05 5.627379127911e-05 5.538824618839e-05 5.451664422637e-05
5.365876570583e-05 5.281439440384e-05 5.198331750702e-05 5.116532555771e-05
5.036021240107e-05 4.956777513287e-05 4.878781404825e-05 4.802013259116e-05
4.726453730470e-05 4.652083778220e-05 4.578884661909e-05 4.506837936548e-05
4.435925447957e-05 4.366129328174e-05 4.297431990939e-05 4.229816127247e-05
4.163264700972e-05 4.097760944565e-05 4.033288354810e-05 3.969830688659e-05
3.907371959120e-05 3.845896431224e-05 3.785388618042e-05 3.725833276774e-05
3.667215404898e-05 3.609520236377e-05 3.552733237930e-05 3.496840105355e-05
3.441826759921e-05 3.387679344807e-05 3.334384221601e-05 3.281927966858e-05
3.230297368701e-05 3.179479423493e-05 3.129461332545e-05 3.080230498885e-05
3.031774524076e-05 2.984081205086e-05 2.937138531200e-05 2.890934680994e-05
2.845458019344e-05 2.800697094489e-05 2.756640635139e-05 2.713277547626e-05
2.670596913106e-05 2.628587984802e-05 2.587240185285e-05 2.546543103808e-05
2.506486493675e-05 2.467060269654e-05 2.428254505432e-05 2.390059431106e-05
2.352465430718e-05 2.315463039828e-05 2.279042943123e-05 2.243195972066e-05
2.207913102581e-05 2.173185452776e-05 2.139004280700e-05 2.105360982137e-05
2.072247088432e-05 2.039654264357e-05 2.007574306004e-05 1.975999138717e-05
1.944920815052e-05 1.914331512772e-05 1.884223532872e-05 1.854589297639e-05
1.825421348734e-05 1.796712345317e-05 1.768455062189e-05 1.740642387971e-05
